(0,0):(25.0,25.00)
(0,1):(25.0,35.00)
(0,2):(25.0,45.00)
(0,3):(25.0,55.00)
(0,4):(25.0,65.00)
(0,5):(25.0,75.00)
(0,6):(25.0,85.00)
(0,7):(25.0,95.00)
(0,8):(25.0,105.00)
(0,9):(25.0,115.00)
(0,10):(25.0,125.00)
(1,0):(35.0,25.00)
(1,1):(35.0,35.00)
(1,2):(35.0,45.00)
(1,3):(35.0,55.00)
(1,4):(35.0,65.00)
(1,5):(35.0,75.00)
(1,6):(35.0,85.00)
(1,7):(35.0,95.00)
(1,8):(35.0,105.00)
(1,9):(35.0,115.00)
(1,10):(35.0,125.00)
(2,0):(45.0,25.00)
(2,1):(45.0,35.00)
(2,2):(45.0,45.00)
(2,3):(45.0,55.00)
(2,4):(45.0,65.00)
(2,5):(45.0,75.00)
(2,6):(45.0,85.00)
(2,7):(45.0,95.00)
(2,8):(45.0,105.00)
(2,9):(45.0,115.00)
(2,10):(45.0,125.00)
(3,0):(55.0,25.00)
(3,1):(55.0,35.00)
(3,2):(55.0,45.00)
(3,3):(55.0,55.00)
(3,4):(55.0,65.00)
(3,5):(55.0,75.00)
(3,6):(55.0,85.00)
(3,7):(55.0,95.00)
(3,8):(55.0,105.00)
(3,9):(55.0,115.00)
(3,10):(55.0,125.00)
(4,0):(65.0,25.00)
(4,1):(65.0,35.00)
(4,2):(65.0,45.00)
(4,3):(65.0,55.00)
(4,4):(65.0,65.00)
(4,5):(65.0,75.00)
(4,6):(65.0,85.00)
(4,7):(65.0,95.00)
(4,8):(65.0,105.00)
(4,9):(65.0,115.00)
(4,10):(65.0,125.00)
(5,0):(75.0,25.00)
(5,1):(75.0,35.00)
(5,2):(75.0,45.00)
(5,3):(75.0,55.00)
(5,4):(75.0,65.00)
(5,5):(75.0,75.00)
(5,6):(75.0,85.00)
(5,7):(75.0,95.00)
(5,8):(75.0,105.00)
(5,9):(75.0,115.00)
(5,10):(75.0,125.00)
(6,0):(85.0,25.00)
(6,1):(85.0,35.00)
(6,2):(85.0,45.00)
(6,3):(85.0,55.00)
(6,4):(85.0,65.00)
(6,5):(85.0,75.00)
(6,6):(85.0,85.00)
(6,7):(85.0,95.00)
(6,8):(85.0,105.00)
(6,9):(85.0,115.00)
(6,10):(85.0,125.00)
(7,0):(95.0,25.00)
(7,1):(95.0,35.00)
(7,2):(95.0,45.00)
(7,3):(95.0,55.00)
(7,4):(95.0,65.00)
(7,5):(95.0,75.00)
(7,6):(95.0,85.00)
(7,7):(95.0,95.00)
(7,8):(95.0,105.00)
(7,9):(95.0,115.00)
(7,10):(95.0,125.00)
(8,0):(105.0,25.00)
(8,1):(105.0,35.00)
(8,2):(105.0,45.00)
(8,3):(105.0,55.00)
(8,4):(105.0,65.00)
(8,5):(105.0,75.00)
(8,6):(105.0,85.00)
(8,7):(105.0,95.00)
(8,8):(105.0,105.00)
(8,9):(105.0,115.00)
(8,10):(105.0,125.00)
(9,0):(115.0,25.00)
(9,1):(115.0,35.00)
(9,2):(115.0,45.00)
(9,3):(115.0,55.00)
(9,4):(115.0,65.00)
(9,5):(115.0,75.00)
(9,6):(115.0,85.00)
(9,7):(115.0,95.00)
(9,8):(115.0,105.00)
(9,9):(115.0,115.00)
(9,10):(115.0,125.00)
(10,0):(125.0,25.00)
(10,1):(125.0,35.00)
(10,2):(125.0,45.00)
(10,3):(125.0,55.00)
(10,4):(125.0,65.00)
(10,5):(125.0,75.00)
(10,6):(125.0,85.00)
(10,7):(125.0,95.00)
(10,8):(125.0,105.00)
(10,9):(125.0,115.00)
(10,10):(125.0,125.00)